[INTEGER]
ACQ_N_OBJ_EVALS = 300
ACQ_N_MAP_EVALS = 4000
PRED_N_EVALS = 40000
PARALLEL_BATCH_SIZE = 10
INIT_ARCHIVE_SIZE = 10
SOL_DIMENSION = 12
OBJ_DIMENSION = 1

[ARRAYS]
BHV_DIMENSION = 2
BHV_ARCHIVE_DIMENSION = [2]
BHV_NUMBER_BINS = [50,20]

[TUPLE_ARRAYS]
SOL_VALUE_RANGE = [(-3.1415926535,3.1415926535), (-3.1415926535,3.1415926535), (-3.1415926535,3.1415926535), (-3.1415926535,3.1415926535), (-3.1415926535,3.1415926535), (-3.1415926535,3.1415926535), (-3.1415926535,3.1415926535), (-3.1415926535,3.1415926535), (-3.1415926535,3.1415926535), (-3.1415926535,3.1415926535), (-3.1415926535,3.1415926535), (-3.1415926535,3.1415926535)]
BHV_VALUE_RANGE = [(-1,1), (-1,1)]